迭代次数：0，用时：0.18892574310302734
旋转平移矩阵：
[[ 9.93904749e-01 -9.80615399e-04  1.10237867e-01  3.27329426e+00]
 [ 2.32404250e-02  9.79351639e-01 -2.00823928e-01  2.60626541e+00]
 [-1.07764705e-01  2.02161831e-01  9.73405035e-01  7.70332510e-02]
 [ 0.00000000e+00  0.00000000e+00  0.00000000e+00  1.00000000e+00]]

迭代次数：1，用时：0.22643804550170898
旋转平移矩阵：
[[ 0.99193434 -0.0142967   0.12594392  3.25530416]
 [ 0.04202127  0.97451855 -0.22033567  2.60344882]
 [-0.11958462  0.22385084  0.96725918  0.12319648]
 [ 0.          0.          0.          1.        ]]

迭代次数：2，用时：0.18066906929016113
旋转平移矩阵：
[[ 0.99026585 -0.02196099  0.13744547  3.24766495]
 [ 0.05329115  0.97205195 -0.22863739  2.6018288 ]
 [-0.12858303  0.23373643  0.96376018  0.14818646]
 [ 0.          0.          0.          1.        ]]

迭代次数：3，用时：0.2041013240814209
旋转平移矩阵：
[[ 0.98898728 -0.02564146  0.14576237  3.24668351]
 [ 0.05934643  0.97093687 -0.23186114  2.60271646]
 [-0.1355808   0.23795819  0.96176595  0.16237818]
 [ 0.          0.          0.          1.        ]]

迭代次数：4，用时：0.23776745796203613
旋转平移矩阵：
[[ 0.98812649 -0.02637517  0.1513618   3.25043978]
 [ 0.06146215  0.97075204 -0.2320838   2.60599245]
 [-0.14081352  0.23863117  0.96084687  0.16912737]
 [ 0.          0.          0.          1.        ]]

迭代次数：5，用时：0.23334288597106934
旋转平移矩阵：
[[ 0.98761092 -0.02546678  0.15484225  3.25664974]
 [ 0.06109889  0.97128179 -0.22995349  2.61061781]
 [-0.14453928  0.23656526  0.96080449  0.16986005]
 [ 0.          0.          0.          1.        ]]

迭代次数：6，用时：0.23733282089233398
旋转平移矩阵：
[[ 0.98739552 -0.02371979  0.15648469  3.26412379]
 [ 0.05926586  0.97218398 -0.22659626  2.61597201]
 [-0.1467571   0.23301434  0.96133588  0.16656173]
 [ 0.          0.          0.          1.        ]]

迭代次数：7，用时：0.23549675941467285
旋转平移矩阵：
[[ 0.98739068 -0.02171677  0.15680568  3.27195486]
 [ 0.05671123  0.97332651 -0.22230462  2.62156552]
 [-0.14779539  0.22839415  0.96228511  0.16026621]
 [ 0.          0.          0.          1.        ]]

迭代次数：8，用时：0.109375
旋转平移矩阵：
[[ 0.98757804 -0.0192349   0.15594752  3.28049146]
 [ 0.05326663  0.97469408 -0.21710391  2.62770969]
 [-0.14782515  0.22271385  0.96361105  0.15115157]
 [ 0.          0.          0.          1.        ]]

迭代次数：9，用时：0.12186360359191895
旋转平移矩阵：
[[ 0.98790066 -0.01635843  0.15422286  3.28954904]
 [ 0.04921465  0.97609071 -0.21171879  2.6341722 ]
 [-0.14707212  0.21674715  0.96508573  0.14071866]
 [ 0.          0.          0.          1.        ]]

迭代次数：10，用时：0.10954976081848145
旋转平移矩阵：
[[ 0.98830407 -0.01345643  0.15190125  3.29849934]
 [ 0.04507076  0.97737454 -0.20665826  2.64043895]
 [-0.14568353  0.21108751  0.96654973  0.13011775]
 [ 0.          0.          0.          1.        ]]

迭代次数：11，用时：0.08978509902954102
旋转平移矩阵：
[[ 0.98875935 -0.010661    0.14913515  3.30713656]
 [ 0.0410319   0.97850692 -0.20209057  2.64637666]
 [-0.14377529  0.20593824  0.9679453   0.11980683]
 [ 0.          0.          0.          1.        ]]

迭代次数：12，用时：0.0951833724975586
旋转平移矩阵：
[[ 0.98924859 -0.00805826  0.14602154  3.31535517]
 [ 0.03722671  0.97946518 -0.19814673  2.65192938]
 [-0.1414263   0.20145228  0.96923453  0.110102  ]
 [ 0.          0.          0.          1.        ]]

迭代次数：13，用时：0.09406185150146484
旋转平移矩阵：
[[ 0.98977825 -0.00559837  0.14250498  3.32328112]
 [ 0.03356177  0.98030959 -0.1945937   2.65717931]
 [-0.1386096   0.19738733  0.97047701  0.10059743]
 [ 0.          0.          0.          1.        ]]

迭代次数：14，用时：0.07973980903625488
旋转平移矩阵：
[[ 0.99029911 -0.00336293  0.13891135  3.3307151 ]
 [ 0.03021624  0.98099565 -0.19166247  2.66204976]
 [-0.13562688  0.19400056  0.97158074  0.09202288]
 [ 0.          0.          0.          1.        ]]

迭代次数：15，用时：0.07845401763916016
旋转平移矩阵：
[[ 9.90818387e-01 -1.22927021e-03  1.35193980e-01  3.33784530e+00]
 [ 2.69859027e-02  9.81635012e-01 -1.88850375e-01  2.66661242e+00]
 [-1.32478996e-01  1.90764756e-01  9.72655193e-01  8.35365397e-02]
 [ 0.00000000e+00  0.00000000e+00  0.00000000e+00  1.00000000e+00]]

迭代次数：16，用时：0.08429718017578125
旋转平移矩阵：
[[ 9.91307450e-01  8.07482714e-04  1.31563246e-01  3.34460773e+00]
 [ 2.39316742e-02  9.82192000e-01 -1.86349537e-01  2.67084184e+00]
 [-1.29370841e-01  1.87878214e-01  9.73634922e-01  7.56885319e-02]
 [ 0.00000000e+00  0.00000000e+00  0.00000000e+00  1.00000000e+00]]

迭代次数：17，用时：0.11040472984313965
旋转平移矩阵：
[[ 9.91766792e-01  2.67298941e-03  1.28029237e-01  3.35089250e+00]
 [ 2.11192164e-02  9.82677907e-01 -1.84114392e-01  2.67467509e+00]
 [-1.26303638e-01  1.85302418e-01  9.74530864e-01  6.83757970e-02]
 [ 0.00000000e+00  0.00000000e+00  0.00000000e+00  1.00000000e+00]]

迭代次数：18，用时：0.0789790153503418
旋转平移矩阵：
[[ 0.9922153   0.00432819  0.12445911  3.35669917]
 [ 0.01856503  0.98308763 -0.18219236  2.67812621]
 [-0.12314278  0.18308464  0.97535423  0.06152784]
 [ 0.          0.          0.          1.        ]]

迭代次数：19，用时：0.06273913383483887
旋转平移矩阵：
[[ 0.99263997  0.00573053  0.12096716  3.36190447]
 [ 0.01633323  0.98341818 -0.18061536  2.68115225]
 [-0.11999632  0.1812618   0.97608659  0.05531664]
 [ 0.          0.          0.          1.        ]]

迭代次数：20，用时：0.0626828670501709
旋转平移矩阵：
[[ 0.99300446  0.00698063  0.11787032  3.36655277]
 [ 0.01435138  0.98371483 -0.17916244  2.68378908]
 [-0.11720145  0.1796007   0.97673303  0.04980088]
 [ 0.          0.          0.          1.        ]]

迭代次数：21，用时：0.06537866592407227
旋转平移矩阵：
[[ 0.99332371  0.0081799   0.11506993  3.37082349]
 [ 0.01249094  0.98399197 -0.1777745   2.68615531]
 [-0.11468206  0.17802495  0.97732039  0.04475528]
 [ 0.          0.          0.          1.        ]]

迭代次数：22，用时：0.06387567520141602
旋转平移矩阵：
[[ 0.99359217  0.00916091  0.1126529   3.37449356]
 [ 0.01094524  0.98422661 -0.17657344  2.68815063]
 [-0.11249355  0.176675    0.97781959  0.04041606]
 [ 0.          0.          0.          1.        ]]

迭代次数：23，用时：0.04681968688964844
旋转平移矩阵：
[[ 0.99384155  0.01005979  0.11035299  3.37777407]
 [ 0.00952079  0.98443595 -0.17548568  2.68988958]
 [-0.1104008   0.17545561  0.97827757  0.03635177]
 [ 0.          0.          0.          1.        ]]

迭代次数：24，用时：0.0545809268951416
旋转平移矩阵：
[[ 0.99408909  0.01070858  0.10803798  3.38063158]
 [ 0.00835826  0.9846215  -0.17450113  2.69135601]
 [-0.10824517  0.17437268  0.97871199  0.03236787]
 [ 0.          0.          0.          1.        ]]

迭代次数：25，用时：0.046616554260253906
旋转平移矩阵：
[[ 0.99433341  0.01130522  0.10570363  3.3832335 ]
 [ 0.00727188  0.98476682 -0.17372802  2.69264528]
 [-0.10605746  0.17351224  0.97910435  0.02868899]
 [ 0.          0.          0.          1.        ]]

迭代次数：26，用时：0.0631110668182373
旋转平移矩阵：
[[ 0.99452635  0.01195018  0.10380047  3.38569497]
 [ 0.00619496  0.98494654 -0.17274816  2.69384355]
 [-0.10430229  0.17244564  0.97948126  0.02523455]
 [ 0.          0.          0.          1.        ]]

迭代次数：27，用时：0.04749417304992676
旋转平移矩阵：
[[ 0.99466807  0.01233603  0.10238777  3.38749773]
 [ 0.00548952  0.98507906 -0.17201487  2.69469231]
 [-0.10298203  0.17165976  0.97975896  0.02269569]
 [ 0.          0.          0.          1.        ]]

迭代次数：28，用时：0.04775094985961914
旋转平移矩阵：
[[ 0.99475924  0.01269011  0.10145455  3.38890059]
 [ 0.00490327  0.98520538 -0.17130767  2.69535203]
 [-0.10212748  0.17090735  0.97997993  0.02068524]
 [ 0.          0.          0.          1.        ]]

迭代次数：29，用时：0.04969930648803711
旋转平移矩阵：
[[ 0.99482443  0.01321557  0.10074573  3.39044886]
 [ 0.00417761  0.9853475  -0.17050762  2.69615962]
 [-0.10152291  0.17004602  0.98019256  0.01875269]
 [ 0.          0.          0.          1.        ]]

迭代次数：30，用时：0.04939770698547363
旋转平移矩阵：
[[ 0.99489567  0.01373609  0.09996963  3.39192585]
 [ 0.0034687   0.98545107 -0.16992399  2.69694984]
 [-0.10084927  0.16940341  0.98037335  0.01706353]
 [ 0.          0.          0.          1.        ]]

迭代次数：31，用时：0.048047780990600586
旋转平移矩阵：
[[ 9.94970440e-01  1.40250403e-02  9.91822675e-02  3.39297264e+00]
 [ 2.98920411e-03  9.85551354e-01 -1.69350506e-01  2.69743000e+00]
 [-1.00124366e-01  1.68795223e-01  9.80552540e-01  1.53655562e-02]
 [ 0.00000000e+00  0.00000000e+00  0.00000000e+00  1.00000000e+00]]

迭代次数：32，用时：0.0472714900970459
旋转平移矩阵：
[[ 9.95043742e-01  1.41612334e-02  9.84246486e-02  3.39373160e+00]
 [ 2.64633691e-03  9.85685608e-01 -1.68573068e-01  2.69766872e+00]
 [-9.94029622e-02  1.67998041e-01  9.80762820e-01  1.34017728e-02]
 [ 0.00000000e+00  0.00000000e+00  0.00000000e+00  1.00000000e+00]]

迭代次数：33，用时：0.04663205146789551
旋转平移矩阵：
[[ 9.95130273e-01  1.42497780e-02  9.75329900e-02  3.39449717e+00]
 [ 2.31122938e-03  9.85849611e-01 -1.67616234e-01  2.69784923e+00]
 [-9.85413544e-02  1.67025410e-01  9.81015858e-01  1.10608601e-02]
 [ 0.00000000e+00  0.00000000e+00  0.00000000e+00  1.00000000e+00]]

迭代次数：34，用时：0.05645394325256348
旋转平移矩阵：
[[ 9.95248290e-01  1.45207060e-02  9.62807939e-02  3.39579076e+00]
 [ 1.71140978e-03  9.86056174e-01 -1.66404003e-01  2.69824968e+00]
 [-9.73545749e-02  1.65778075e-01  9.81345870e-01  7.98904746e-03]
 [ 0.00000000e+00  0.00000000e+00  0.00000000e+00  1.00000000e+00]]

迭代次数：35，用时：0.04803609848022461
旋转平移矩阵：
[[ 9.95375452e-01  1.50960218e-02  9.48673841e-02  3.39774305e+00]
 [ 7.94972743e-04  9.86246343e-01 -1.65280120e-01  2.69906769e+00]
 [-9.60576829e-02  1.64591191e-01  9.81673399e-01  4.83746818e-03]
 [ 0.00000000e+00  0.00000000e+00  0.00000000e+00  1.00000000e+00]]

迭代次数：36，用时：0.04711461067199707
旋转平移矩阵：
[[ 9.95525821e-01  1.54735136e-02  9.32143243e-02  3.39935445e+00]
 [ 9.85590192e-05  9.86329892e-01 -1.64782689e-01  2.69979616e+00]
 [-9.44898416e-02  1.64054609e-01  9.81915350e-01  2.20511016e-03]
 [ 0.00000000e+00  0.00000000e+00  0.00000000e+00  1.00000000e+00]]

迭代次数：37，用时：0.047014713287353516
旋转平移矩阵：
[[ 9.95708716e-01  1.53038310e-02  9.12685347e-02  3.40001115e+00]
 [-4.33558331e-05  9.86308553e-01 -1.64910389e-01  2.70000685e+00]
 [-9.25426971e-02  1.64198755e-01  9.82076686e-01 -5.74065453e-06]
 [ 0.00000000e+00  0.00000000e+00  0.00000000e+00  1.00000000e+00]]

迭代次数：38，用时：0.04696345329284668
旋转平移矩阵：
[[ 9.95724698e-01  1.52455443e-02  9.11037804e-02  3.40000000e+00]
 [ 2.79343165e-15  9.86285602e-01 -1.65047606e-01  2.70000000e+00]
 [-9.23705874e-02  1.64341978e-01  9.82068933e-01  4.76517697e-15]
 [ 0.00000000e+00  0.00000000e+00  0.00000000e+00  1.00000000e+00]]

迭代次数：39，用时：0.04683971405029297
旋转平移矩阵：
[[ 9.95724698e-01  1.52455443e-02  9.11037804e-02  3.40000000e+00]
 [ 1.98001138e-15  9.86285602e-01 -1.65047606e-01  2.70000000e+00]
 [-9.23705874e-02  1.64341978e-01  9.82068933e-01  1.74814590e-15]
 [ 0.00000000e+00  0.00000000e+00  0.00000000e+00  1.00000000e+00]]

